# import numpy as np
#
#
#
# if __name__ == '__main__':
#
#     skew2 = [[0.9999999403953552, 0.066612608730793, -0.06824071705341339, 0.09532779455184937, -0.021927548572421074, 0.5543290376663208, 0.13625480234622955, -0.036148227751255035, 0.08532131463289261, 0.10095128417015076, 0.7604525089263916, 0.07540784776210785, 0.020893296226859093, 0.10540788620710373, 0.0006412427173927426, 0.7454907894134521, 0.031005198135972023, -0.03786700218915939, 0.047723956406116486, 0.06215446814894676], [0.066612608730793, 1.0, -0.0552356019616127, 0.17345504462718964, 0.0373336523771286, -0.024040332064032555, 0.8363034129142761, 0.003336220746859908, 0.10527319461107254, 0.15792427957057953, 0.12776736915111542, 0.8793519139289856, 0.08628218621015549, 0.17739728093147278, 0.07833828032016754, 0.17851144075393677, 0.9490823149681091, -0.020926209166646004, 0.12949055433273315, 0.10667712241411209], [-0.06824071705341339, -0.0552356019616127, 0.9999999403953552, -0.050863880664110184, -0.058243826031684875, -0.06931760162115097, -0.043450865894556046, 0.8142783045768738, -0.0575442835688591, -0.02966204099357128, -0.059477925300598145, -0.05031430721282959, 0.6721651554107666, -0.05214149132370949, -0.05607868731021881, -0.06633114814758301, -0.058494869619607925, 0.817075788974762, -0.04772421345114708, -0.05202583223581314], [0.09532779455184937, 0.17345504462718964, -0.050863880664110184, 0.9999999403953552, 0.024452470242977142, -0.017086494714021683, 0.2650711238384247, -0.018770761787891388, 0.7667895555496216, 0.22315549850463867, 0.15784311294555664, 0.19659486413002014, 0.14143726229667664, 0.9297735095024109, 0.09594331681728363, 0.20331025123596191, 0.1291482299566269, -0.01352958008646965, 0.8600671887397766, 0.1574867069721222], [-0.021927548572421074, 0.0373336523771286, -0.058243826031684875, 0.024452470242977142, 1.0, -0.041684266179800034, 0.0406360886991024, -0.0010731001384556293, -0.00017203582683578134, 0.5669847130775452, 0.008843839168548584, 0.01051296852529049, 0.0062735131941735744, 0.01331043615937233, 0.8489251136779785, 0.02055126614868641, 0.023317884653806686, -0.015485797077417374, 0.01912287063896656, 0.656356155872345], [0.5543290376663208, -0.024040332064032555, -0.06931760162115097, -0.017086494714021683, -0.041684266179800034, 0.9999999403953552, -0.021776020526885986, -0.037115469574928284, 0.005607263185083866, -0.057326097041368484, 0.466442346572876, -0.018283968791365623, -0.0320814810693264, -0.022452998906373978, -0.05645306408405304, 0.5097463130950928, -0.023764899000525475, -0.04838746413588524, 0.004477119073271751, -0.05920889228582382], [0.13625480234622955, 0.8363034129142761, -0.043450865894556046, 0.2650711238384247, 0.0406360886991024, -0.021776020526885986, 1.0, 0.011619399301707745, 0.2313268631696701, 0.27533620595932007, 0.23935256898403168, 0.906749963760376, 0.17353203892707825, 0.27971920371055603, 0.107427217066288, 0.23584377765655518, 0.8303443193435669, -0.004064717795699835, 0.19934870302677155, 0.1936686933040619], [-0.036148227751255035, 0.003336220746859908, 0.8142783045768738, -0.018770761787891388, -0.0010731001384556293, -0.037115469574928284, 0.011619399301707745, 1.0000001192092896, -0.02319713681936264, 0.012961960397660732, -0.02704336680471897, -0.013379881158471107, 0.70257568359375, -0.02299089916050434, -0.02207019180059433, -0.015385933220386505, -0.006711710710078478, 0.7540369629859924, -0.0037067802622914314, -0.021977907046675682], [0.08532131463289261, 0.10527319461107254, -0.0575442835688591, 0.7667895555496216, -0.00017203582683578134, 0.005607263185083866, 0.2313268631696701, -0.02319713681936264, 1.0, 0.2300288826227188, 0.17511381208896637, 0.1540662795305252, 0.1323125958442688, 0.7824374437332153, 0.06379558891057968, 0.16032978892326355, 0.0857970118522644, -0.0017196255503222346, 0.8072270750999451, 0.1523236334323883], [0.10095128417015076, 0.15792427957057953, -0.02966204099357128, 0.22315549850463867, 0.5669847130775452, -0.057326097041368484, 0.27533620595932007, 0.012961960397660732, 0.2300288826227188, 0.9999998807907104, 0.22851881384849548, 0.18367508053779602, 0.1717761754989624, 0.23760811984539032, 0.7017855644226074, 0.20508483052253723, 0.12639088928699493, 0.021563444286584854, 0.15716655552387238, 0.8252081871032715], [0.7604525089263916, 0.12776736915111542, -0.059477925300598145, 0.15784311294555664, 0.008843839168548584, 0.466442346572876, 0.23935256898403168, -0.02704336680471897, 0.17511381208896637, 0.22851881384849548, 0.9999999403953552, 0.16873475909233093, 0.11847904324531555, 0.17798517644405365, 0.07983750104904175, 0.8310691118240356, 0.09045075625181198, -0.0012905540643259883, 0.11378376930952072, 0.18246816098690033], [0.07540784776210785, 0.8793519139289856, -0.05031430721282959, 0.19659486413002014, 0.01051296852529049, -0.018283968791365623, 0.906749963760376, -0.013379881158471107, 0.1540662795305252, 0.18367508053779602, 0.16873475909233093, 1.0, 0.12054387480020523, 0.19988706707954407, 0.06239869445562363, 0.17450961470603943, 0.8911632895469666, -0.021963512524962425, 0.140915185213089, 0.12491776794195175], [0.020893296226859093, 0.08628218621015549, 0.6721651554107666, 0.14143726229667664, 0.0062735131941735744, -0.0320814810693264, 0.17353203892707825, 0.70257568359375, 0.1323125958442688, 0.1717761754989624, 0.11847904324531555, 0.12054387480020523, 1.0, 0.13618558645248413, 0.0673731192946434, 0.11820020526647568, 0.07947151362895966, 0.6355400681495667, 0.11201464384794235, 0.11611270904541016], [0.10540788620710373, 0.17739728093147278, -0.05214149132370949, 0.9297735095024109, 0.01331043615937233, -0.022452998906373978, 0.27971920371055603, -0.02299089916050434, 0.7824374437332153, 0.23760811984539032, 0.17798517644405365, 0.19988706707954407, 0.13618558645248413, 0.9999999403953552, 0.08583749085664749, 0.21058179438114166, 0.12251953780651093, -0.00719791604205966, 0.8740315437316895, 0.17110076546669006], [0.0006412427173927426, 0.07833828032016754, -0.05607868731021881, 0.09594331681728363, 0.8489251136779785, -0.05645306408405304, 0.107427217066288, -0.02207019180059433, 0.06379558891057968, 0.7017855644226074, 0.07983750104904175, 0.06239869445562363, 0.0673731192946434, 0.08583749085664749, 1.0000001192092896, 0.08593633025884628, 0.060190435498952866, -0.015152139589190483, 0.07721801847219467, 0.7918099164962769], [0.7454907894134521, 0.17851144075393677, -0.06633114814758301, 0.20331025123596191, 0.02055126614868641, 0.5097463130950928, 0.23584377765655518, -0.015385933220386505, 0.16032978892326355, 0.20508483052253723, 0.8310691118240356, 0.17450961470603943, 0.11820020526647568, 0.21058179438114166, 0.08593633025884628, 1.0000001192092896, 0.11779259145259857, -0.016764845699071884, 0.16880619525909424, 0.15273921191692352], [0.031005198135972023, 0.9490823149681091, -0.058494869619607925, 0.1291482299566269, 0.023317884653806686, -0.023764899000525475, 0.8303443193435669, -0.006711710710078478, 0.0857970118522644, 0.12639088928699493, 0.09045075625181198, 0.8911632895469666, 0.07947151362895966, 0.12251953780651093, 0.060190435498952866, 0.11779259145259857, 1.0, -0.022102216258645058, 0.09580976516008377, 0.08903255313634872], [-0.03786700218915939, -0.020926209166646004, 0.817075788974762, -0.01352958008646965, -0.015485797077417374, -0.04838746413588524, -0.004064717795699835, 0.7540369629859924, -0.0017196255503222346, 0.021563444286584854, -0.0012905540643259883, -0.021963512524962425, 0.6355400681495667, -0.00719791604205966, -0.015152139589190483, -0.016764845699071884, -0.022102216258645058, 0.9999999403953552, -0.003987021278589964, 0.007100974675267935], [0.047723956406116486, 0.12949055433273315, -0.04772421345114708, 0.8600671887397766, 0.01912287063896656, 0.004477119073271751, 0.19934870302677155, -0.0037067802622914314, 0.8072270750999451, 0.15716655552387238, 0.11378376930952072, 0.140915185213089, 0.11201464384794235, 0.8740315437316895, 0.07721801847219467, 0.16880619525909424, 0.09580976516008377, -0.003987021278589964, 1.0, 0.1147083044052124], [0.06215446814894676, 0.10667712241411209, -0.05202583223581314, 0.1574867069721222, 0.656356155872345, -0.05920889228582382, 0.1936686933040619, -0.021977907046675682, 0.1523236334323883, 0.8252081871032715, 0.18246816098690033, 0.12491776794195175, 0.11611270904541016, 0.17110076546669006, 0.7918099164962769, 0.15273921191692352, 0.08903255313634872, 0.007100974675267935, 0.1147083044052124, 1.0]]
#     noniid01 = [[1.0, -0.15335427224636078, 0.14796067774295807, 0.11342750489711761, -0.06100862845778465, 0.18262739479541779, 0.38878101110458374, -0.09473958611488342, -0.0044046565890312195, 0.10549425333738327, -0.13462713360786438, 0.31324782967567444, -0.00711008021607995, -0.046402737498283386, 0.2260744273662567, 0.24091416597366333, 0.012031113728880882, -0.10394430160522461, 0.09561644494533539, 0.08197157829999924], [-0.15335427224636078, 0.9999998807907104, 0.15940667688846588, 0.21824149787425995, 0.12040647119283676, -0.12072150409221649, -0.05170334875583649, 0.24282796680927277, 0.09025585651397705, -0.08173041045665741, -0.08700300753116608, 0.1486932933330536, 0.07962585985660553, -0.056469470262527466, -0.07536044716835022, -0.07950586825609207, -0.03505212441086769, 0.11105847358703613, -0.11040931940078735, -0.2074514776468277], [0.14796067774295807, 0.15940667688846588, 1.0, 0.10296756774187088, -0.12462984025478363, -0.09038889408111572, 0.47865983843803406, -0.014688479714095592, -0.020880751311779022, -0.06515930593013763, 0.05122433230280876, 0.1034170389175415, -0.13715173304080963, -0.16936662793159485, 0.6478362083435059, -0.003607130143791437, -0.07550955563783646, 0.03656278923153877, -0.06600667536258698, 0.04155581817030907], [0.11342750489711761, 0.21824149787425995, 0.10296756774187088, 1.0, 0.08636034280061722, 0.09161138534545898, -0.06236474588513374, 0.08824747800827026, 0.011561361141502857, -0.012251228094100952, -0.06886156648397446, 0.2888486683368683, -0.08652941137552261, -0.08673715591430664, -0.060487300157547, 0.1562148630619049, 0.10659893602132797, 0.02725372649729252, 0.2054605782032013, 0.07647906243801117], [-0.06100862845778465, 0.12040647119283676, -0.12462984025478363, 0.08636034280061722, 1.0, -0.020450469106435776, -0.09222777187824249, 0.45487257838249207, -0.027872202917933464, 0.05137903243303299, 0.00839049182832241, -0.029326414689421654, -0.051880285143852234, -0.07789911329746246, -0.16006439924240112, -0.04263090714812279, -0.09796935319900513, -0.042942095547914505, -0.06685333698987961, -0.12266162782907486], [0.18262739479541779, -0.12072150409221649, -0.09038889408111572, 0.09161138534545898, -0.020450469106435776, 1.0000001192092896, -0.07522974163293839, -0.053777601569890976, 0.1983403116464615, 0.6115381717681885, 0.08584415167570114, 0.24551014602184296, 0.10403366386890411, 0.016938749700784683, -0.03703443706035614, 0.26379239559173584, 0.13121706247329712, 0.1984834372997284, -0.009087642654776573, -0.002244270173832774], [0.38878101110458374, -0.05170334875583649, 0.47865983843803406, -0.06236474588513374, -0.09222777187824249, -0.07522974163293839, 0.9999998807907104, -0.10000528395175934, -0.029554395005106926, -0.03496209532022476, -0.05696229636669159, -0.04364859685301781, -0.10619111359119415, -0.04599779471755028, 0.5121798515319824, -0.04427940398454666, -0.051310945302248, -0.08139484375715256, -0.04686839506030083, -0.06076040491461754], [-0.09473958611488342, 0.24282796680927277, -0.014688479714095592, 0.08824747800827026, 0.45487257838249207, -0.053777601569890976, -0.10000528395175934, 0.9999999403953552, 0.04099852964282036, -0.013594899326562881, -0.04853410646319389, 0.03602446988224983, -0.07920757681131363, -0.008494002744555473, -0.08796035498380661, -0.033141303807497025, -0.03857361897826195, 0.10382668673992157, -0.05836055800318718, -0.09056349098682404], [-0.0044046565890312195, 0.09025585651397705, -0.020880751311779022, 0.011561361141502857, -0.027872202917933464, 0.1983403116464615, -0.029554395005106926, 0.04099852964282036, 1.0, 0.23212487995624542, -0.10102376341819763, 0.05932750180363655, 0.4417450726032257, -0.04438059404492378, -0.02151894010603428, 0.05858323723077774, -0.004559481982141733, 0.03027249127626419, -0.02459859289228916, -0.034863851964473724], [0.10549425333738327, -0.08173041045665741, -0.06515930593013763, -0.012251228094100952, 0.05137903243303299, 0.6115381717681885, -0.03496209532022476, -0.013594899326562881, 0.23212487995624542, 1.0, -0.004353905096650124, 0.19907677173614502, 0.13273026049137115, -0.039846114814281464, -0.036097265779972076, 0.19342495501041412, 0.009350825101137161, 0.1603136956691742, -0.048609357327222824, -0.016383394598960876], [-0.13462713360786438, -0.08700300753116608, 0.05122433230280876, -0.06886156648397446, 0.00839049182832241, 0.08584415167570114, -0.05696229636669159, -0.04853410646319389, -0.10102376341819763, -0.004353905096650124, 1.0, -0.007990909740328789, -0.12995003163814545, -8.24934322736226e-05, 0.004005029331892729, -0.044487662613391876, 0.09942412376403809, 0.5964845418930054, -0.0337335504591465, 0.09883604943752289], [0.31324782967567444, 0.1486932933330536, 0.1034170389175415, 0.2888486683368683, -0.029326414689421654, 0.24551014602184296, -0.04364859685301781, 0.03602446988224983, 0.05932750180363655, 0.19907677173614502, -0.007990909740328789, 1.0000001192092896, 0.04918632656335831, 0.04663102701306343, -0.0017986100865527987, 0.5796985626220703, 0.1161380335688591, 0.08307995647192001, -0.041856177151203156, 0.1353345662355423], [-0.00711008021607995, 0.07962585985660553, -0.13715173304080963, -0.08652941137552261, -0.051880285143852234, 0.10403366386890411, -0.10619111359119415, -0.07920757681131363, 0.4417450726032257, 0.13273026049137115, -0.12995003163814545, 0.04918632656335831, 1.0000001192092896, -0.0882532149553299, -0.005044329445809126, -0.011519864201545715, -0.10678589344024658, -0.10389108210802078, -0.13638180494308472, -0.17617236077785492], [-0.046402737498283386, -0.056469470262527466, -0.16936662793159485, -0.08673715591430664, -0.07789911329746246, 0.016938749700784683, -0.04599779471755028, -0.008494002744555473, -0.04438059404492378, -0.039846114814281464, -8.24934322736226e-05, 0.04663102701306343, -0.0882532149553299, 1.0, -0.03716369345784187, 0.43540656566619873, 0.42903369665145874, -0.01610177755355835, -0.019551653414964676, 0.2885966897010803], [0.2260744273662567, -0.07536044716835022, 0.6478362083435059, -0.060487300157547, -0.16006439924240112, -0.03703443706035614, 0.5121798515319824, -0.08796035498380661, -0.02151894010603428, -0.036097265779972076, 0.004005029331892729, -0.0017986100865527987, -0.005044329445809126, -0.03716369345784187, 0.9999999403953552, -0.001732676406390965, -0.030265968292951584, -0.0918504148721695, -0.09642508625984192, -0.03346632793545723], [0.24091416597366333, -0.07950586825609207, -0.003607130143791437, 0.1562148630619049, -0.04263090714812279, 0.26379239559173584, -0.04427940398454666, -0.033141303807497025, 0.05858323723077774, 0.19342495501041412, -0.044487662613391876, 0.5796985626220703, -0.011519864201545715, 0.43540656566619873, -0.001732676406390965, 0.9999999403953552, 0.3527136743068695, -0.007994011044502258, 0.01723090186715126, 0.3371866047382355], [0.012031113728880882, -0.03505212441086769, -0.07550955563783646, 0.10659893602132797, -0.09796935319900513, 0.13121706247329712, -0.051310945302248, -0.03857361897826195, -0.004559481982141733, 0.009350825101137161, 0.09942412376403809, 0.1161380335688591, -0.10678589344024658, 0.42903369665145874, -0.030265968292951584, 0.3527136743068695, 0.9999998807907104, 0.041926827281713486, 0.1480608880519867, 0.05481855943799019], [-0.10394430160522461, 0.11105847358703613, 0.03656278923153877, 0.02725372649729252, -0.042942095547914505, 0.1984834372997284, -0.08139484375715256, 0.10382668673992157, 0.03027249127626419, 0.1603136956691742, 0.5964845418930054, 0.08307995647192001, -0.10389108210802078, -0.01610177755355835, -0.0918504148721695, -0.007994011044502258, 0.041926827281713486, 0.9999999403953552, -0.05243608355522156, -0.0287195835262537], [0.09561644494533539, -0.11040931940078735, -0.06600667536258698, 0.2054605782032013, -0.06685333698987961, -0.009087642654776573, -0.04686839506030083, -0.05836055800318718, -0.02459859289228916, -0.048609357327222824, -0.0337335504591465, -0.041856177151203156, -0.13638180494308472, -0.019551653414964676, -0.09642508625984192, 0.01723090186715126, 0.1480608880519867, -0.05243608355522156, 0.9999998807907104, 0.16859078407287598], [0.08197157829999924, -0.2074514776468277, 0.04155581817030907, 0.07647906243801117, -0.12266162782907486, -0.002244270173832774, -0.06076040491461754, -0.09056349098682404, -0.034863851964473724, -0.016383394598960876, 0.09883604943752289, 0.1353345662355423, -0.17617236077785492, 0.2885966897010803, -0.03346632793545723, 0.3371866047382355, 0.05481855943799019, -0.0287195835262537, 0.16859078407287598, 1.0000001192092896]]
#     noniid02 = [[1.0000001192092896, 0.12604311108589172, -0.003296263050287962, 0.19166357815265656, 0.5743770599365234, 0.13408158719539642, 0.22160057723522186, 0.11794530600309372, 0.14721551537513733, 0.2062366008758545, 0.19570617377758026, -0.005279287230223417, 0.1331920325756073, 0.18977543711662292, 0.20247095823287964, 0.0475175641477108, 0.07362440228462219, 0.18928828835487366, -0.0788605809211731, 0.43885836005210876], [0.12604311108589172, 1.0, 0.21248817443847656, 0.04563993960618973, -0.014107841067016125, 0.09711752831935883, 0.15986965596675873, 0.024432647973299026, 0.10087968409061432, 0.5774238705635071, 0.3124528229236603, -0.05384116619825363, 0.22742624580860138, 0.16717731952667236, 0.012669065967202187, 0.33184847235679626, 0.3528057932853699, -0.05734501779079437, -0.01705680787563324, -0.11354216188192368], [-0.003296263050287962, 0.21248817443847656, 1.0, 0.34256014227867126, 0.1053374856710434, 0.1484042853116989, -0.0018381307600066066, -0.004937528632581234, 0.20280617475509644, 0.13964194059371948, 0.17490226030349731, 0.006397346034646034, 0.0705389529466629, 0.08580520004034042, 0.10933896899223328, 0.07452027499675751, 0.08005913347005844, 0.019294025376439095, 0.0027586258947849274, -0.01541695836931467], [0.19166357815265656, 0.04563993960618973, 0.34256014227867126, 1.0000001192092896, 0.09459618479013443, 0.021105825901031494, -0.059611234813928604, -0.1157090812921524, 0.10164984315633774, -0.03262154757976532, 0.12358169257640839, -0.05274708941578865, 0.05423959717154503, -0.09651058912277222, 0.4770323932170868, -0.01810445450246334, -0.029748963192105293, 0.3222091495990753, -0.07620549201965332, 0.3480300009250641], [0.5743770599365234, -0.014107841067016125, 0.1053374856710434, 0.09459618479013443, 1.0000001192092896, 0.2632858455181122, 0.06496577709913254, 0.18866316974163055, 0.2588857412338257, 0.11405666172504425, 0.06465978920459747, 0.029704555869102478, -0.019492749124765396, 0.20040282607078552, 0.11940810084342957, -0.007408579345792532, -0.12415289878845215, 0.05651320144534111, -0.05698784813284874, 0.3682025372982025], [0.13408158719539642, 0.09711752831935883, 0.1484042853116989, 0.021105825901031494, 0.2632858455181122, 0.9999998807907104, 0.055697813630104065, 0.32010704278945923, 0.36650151014328003, 0.14617329835891724, 0.1048966497182846, 0.10761100798845291, 0.3981032967567444, 0.14656691253185272, 0.017658241093158722, 0.07568494230508804, 0.057780440896749496, 0.2525636851787567, 0.07212568819522858, -0.043744854629039764], [0.22160057723522186, 0.15986965596675873, -0.0018381307600066066, -0.059611234813928604, 0.06496577709913254, 0.055697813630104065, 1.0, 0.08966585248708725, 0.12890496850013733, 0.1571877896785736, 0.39991214871406555, 0.33808109164237976, 0.009054549038410187, 0.18310725688934326, 0.10220657289028168, 0.2029045820236206, 0.19830164313316345, 0.11480570584535599, 0.3133269250392914, 0.09639527648687363], [0.11794530600309372, 0.024432647973299026, -0.004937528632581234, -0.1157090812921524, 0.18866316974163055, 0.32010704278945923, 0.08966585248708725, 1.0000001192092896, 0.45241615176200867, 0.08935199677944183, 0.02047530747950077, 0.003848031163215637, 0.11650832742452621, 0.20700035989284515, -0.02131994627416134, 0.23328526318073273, -0.06468766182661057, 0.15849672257900238, 0.12022310495376587, 0.028913600370287895], [0.14721551537513733, 0.10087968409061432, 0.20280617475509644, 0.10164984315633774, 0.2588857412338257, 0.36650151014328003, 0.12890496850013733, 0.45241615176200867, 0.9999999403953552, 0.15288561582565308, 0.09612681716680527, -0.005066698417067528, 0.16061732172966003, 0.22012938559055328, 0.10497957468032837, 0.1030724048614502, -0.07161154597997665, 0.3205980360507965, -0.06366318464279175, 0.07582926750183105], [0.2062366008758545, 0.5774238705635071, 0.13964194059371948, -0.03262154757976532, 0.11405666172504425, 0.14617329835891724, 0.1571877896785736, 0.08935199677944183, 0.15288561582565308, 1.0, 0.22468653321266174, -0.11901023983955383, 0.10572132468223572, 0.2653615176677704, -0.06775137782096863, 0.3305645287036896, 0.22713206708431244, -0.13104036450386047, -0.013232456520199776, -0.1235925555229187], [0.19570617377758026, 0.3124528229236603, 0.17490226030349731, 0.12358169257640839, 0.06465978920459747, 0.1048966497182846, 0.39991214871406555, 0.02047530747950077, 0.09612681716680527, 0.22468653321266174, 1.0000001192092896, 0.012093229219317436, 0.09527785331010818, 0.27163663506507874, 0.32804805040359497, 0.29481902718544006, 0.3701232075691223, 0.0004461062781047076, 0.12251840531826019, -0.0501551516354084], [-0.005279287230223417, -0.05384116619825363, 0.006397346034646034, -0.05274708941578865, 0.029704555869102478, 0.10761100798845291, 0.33808109164237976, 0.003848031163215637, -0.005066698417067528, -0.11901023983955383, 0.012093229219317436, 1.0, 0.006246408447623253, -0.07398856431245804, 0.025978459045290947, -0.002631497336551547, -0.0662396177649498, 0.18990427255630493, 0.46733930706977844, 0.26394692063331604], [0.1331920325756073, 0.22742624580860138, 0.0705389529466629, 0.05423959717154503, -0.019492749124765396, 0.3981032967567444, 0.009054549038410187, 0.11650832742452621, 0.16061732172966003, 0.10572132468223572, 0.09527785331010818, 0.006246408447623253, 1.0, 0.015919238328933716, 0.025595126673579216, 0.047496650367975235, 0.10088271647691727, 0.24660687148571014, -0.13307318091392517, -0.12259559333324432], [0.18977543711662292, 0.16717731952667236, 0.08580520004034042, -0.09651058912277222, 0.20040282607078552, 0.14656691253185272, 0.18310725688934326, 0.20700035989284515, 0.22012938559055328, 0.2653615176677704, 0.27163663506507874, -0.07398856431245804, 0.015919238328933716, 1.0000001192092896, 0.04293268546462059, 0.47789791226387024, 0.2702593207359314, 0.07433591037988663, 0.14362582564353943, -0.07834074646234512], [0.20247095823287964, 0.012669065967202187, 0.10933896899223328, 0.4770323932170868, 0.11940810084342957, 0.017658241093158722, 0.10220657289028168, -0.02131994627416134, 0.10497957468032837, -0.06775137782096863, 0.32804805040359497, 0.025978459045290947, 0.025595126673579216, 0.04293268546462059, 1.0, 0.039477668702602386, 0.04637874290347099, 0.2966485321521759, -0.0509667806327343, 0.2530648410320282], [0.0475175641477108, 0.33184847235679626, 0.07452027499675751, -0.01810445450246334, -0.007408579345792532, 0.07568494230508804, 0.2029045820236206, 0.23328526318073273, 0.1030724048614502, 0.3305645287036896, 0.29481902718544006, -0.002631497336551547, 0.047496650367975235, 0.47789791226387024, 0.039477668702602386, 1.0, 0.3729686141014099, 0.06761448830366135, 0.40436920523643494, -0.098927803337574], [0.07362440228462219, 0.3528057932853699, 0.08005913347005844, -0.029748963192105293, -0.12415289878845215, 0.057780440896749496, 0.19830164313316345, -0.06468766182661057, -0.07161154597997665, 0.22713206708431244, 0.3701232075691223, -0.0662396177649498, 0.10088271647691727, 0.2702593207359314, 0.04637874290347099, 0.3729686141014099, 0.9999999403953552, -0.05116250738501549, 0.20692919194698334, -0.22180241346359253], [0.18928828835487366, -0.05734501779079437, 0.019294025376439095, 0.3222091495990753, 0.05651320144534111, 0.2525636851787567, 0.11480570584535599, 0.15849672257900238, 0.3205980360507965, -0.13104036450386047, 0.0004461062781047076, 0.18990427255630493, 0.24660687148571014, 0.07433591037988663, 0.2966485321521759, 0.06761448830366135, -0.05116250738501549, 1.0, 0.08379834145307541, 0.21269841492176056], [-0.0788605809211731, -0.01705680787563324, 0.0027586258947849274, -0.07620549201965332, -0.05698784813284874, 0.07212568819522858, 0.3133269250392914, 0.12022310495376587, -0.06366318464279175, -0.013232456520199776, 0.12251840531826019, 0.46733930706977844, -0.13307318091392517, 0.14362582564353943, -0.0509667806327343, 0.40436920523643494, 0.20692919194698334, 0.08379834145307541, 1.0, 0.07972289621829987], [0.43885836005210876, -0.11354216188192368, -0.01541695836931467, 0.3480300009250641, 0.3682025372982025, -0.043744854629039764, 0.09639527648687363, 0.028913600370287895, 0.07582926750183105, -0.1235925555229187, -0.0501551516354084, 0.26394692063331604, -0.12259559333324432, -0.07834074646234512, 0.2530648410320282, -0.098927803337574, -0.22180241346359253, 0.21269841492176056, 0.07972289621829987, 1.0]]
#     noniid03 = [[1.0, -0.032720841467380524, 0.1498822271823883, -0.01393610518425703, 0.33661580085754395, 0.0736507698893547, -0.13121555745601654, 0.2818436920642853, 0.04237933084368706, 0.038938477635383606, 0.16062983870506287, 0.07880852371454239, 0.11574789136648178, -0.01926080323755741, 0.49131277203559875, 0.07442136853933334, 0.14739231765270233, -0.06276208162307739, 0.038106273859739304, 0.06973093748092651], [-0.032720841467380524, 1.0, 0.10111216455698013, 0.4113381803035736, 0.057467248290777206, 0.12257397919893265, -0.012304463423788548, 0.2080535888671875, 0.16570121049880981, -0.012689166702330112, 0.08594238758087158, 0.14945626258850098, 0.32588863372802734, 0.14648714661598206, 0.09236520528793335, 0.07244975864887238, 0.21585480868816376, 0.07451760768890381, 0.08110693097114563, 0.13252630829811096], [0.1498822271823883, 0.10111216455698013, 1.0, 0.43805116415023804, 0.271856427192688, 0.09396195411682129, 0.13921496272087097, 0.1844826191663742, -0.053213510662317276, 0.19726704061031342, 0.28858470916748047, 0.15510818362236023, 0.2406441569328308, -0.0400121733546257, 0.30536186695098877, 0.047379471361637115, 0.1069684699177742, 0.2802633047103882, 0.3240169286727905, 0.26731035113334656], [-0.01393610518425703, 0.4113381803035736, 0.43805116415023804, 1.0, 0.23044376075267792, 0.16214197874069214, 0.08436020463705063, 0.06628360599279404, 0.21507711708545685, 0.29243993759155273, 0.08037642389535904, 0.3100583553314209, 0.48562049865722656, 0.08922956138849258, 0.07829152792692184, 0.16853873431682587, 0.1594359576702118, 0.34866756200790405, 0.05127500370144844, 0.4242002069950104], [0.33661580085754395, 0.057467248290777206, 0.271856427192688, 0.23044376075267792, 1.0, 0.0014313013525679708, 0.044473230838775635, 0.22443370521068573, -0.024108467623591423, 0.4159902036190033, 0.05850229412317276, -0.0470135323703289, -0.005755528341978788, 0.045373257249593735, 0.14338213205337524, -0.0618944987654686, 0.14127245545387268, 0.08457815647125244, 0.06868202239274979, 0.22390665113925934], [0.0736507698893547, 0.12257397919893265, 0.09396195411682129, 0.16214197874069214, 0.0014313013525679708, 0.9999998807907104, 0.07786598056554794, 0.05675831064581871, 0.35307011008262634, 0.1586175113916397, 0.07877208292484283, 0.2621341943740845, 0.1895318478345871, 0.4602852761745453, 0.03178327530622482, 0.24043148756027222, 0.4467904269695282, 0.36715441942214966, 0.2329806238412857, 0.07449465245008469], [-0.13121555745601654, -0.012304463423788548, 0.13921496272087097, 0.08436020463705063, 0.044473230838775635, 0.07786598056554794, 1.0000001192092896, -0.06948507577180862, 0.01390147302299738, 0.08531253784894943, -0.06423650681972504, 0.23553086817264557, 0.15114657580852509, -0.020324883982539177, -0.03704838454723358, 0.03665928915143013, 0.09690427780151367, 0.28528112173080444, 0.13570448756217957, 0.25427186489105225], [0.2818436920642853, 0.2080535888671875, 0.1844826191663742, 0.06628360599279404, 0.22443370521068573, 0.05675831064581871, -0.06948507577180862, 1.0, 0.04366229102015495, 0.20165444910526276, 0.028935791924595833, -0.02395731769502163, 0.08693599700927734, 0.0829639658331871, 0.4442971646785736, 0.12012363225221634, 0.28034481406211853, -0.07871940732002258, 0.07398198544979095, 0.10403778403997421], [0.04237933084368706, 0.16570121049880981, -0.053213510662317276, 0.21507711708545685, -0.024108467623591423, 0.35307011008262634, 0.01390147302299738, 0.04366229102015495, 1.0000001192092896, 0.23646332323551178, 0.010972054675221443, 0.23503990471363068, 0.34984999895095825, 0.31092414259910583, -0.08068452030420303, 0.1356237381696701, 0.10323372483253479, 0.10802997648715973, 0.06812480837106705, 0.14518693089485168], [0.038938477635383606, -0.012689166702330112, 0.19726704061031342, 0.29243993759155273, 0.4159902036190033, 0.1586175113916397, 0.08531253784894943, 0.20165444910526276, 0.23646332323551178, 1.0000001192092896, -0.07970406115055084, 0.04059487208724022, 0.10636328905820847, 0.13034012913703918, -0.029457321390509605, 0.01718255877494812, 0.08687494695186615, 0.13509860634803772, 0.03896144777536392, 0.25236988067626953], [0.16062983870506287, 0.08594238758087158, 0.28858470916748047, 0.08037642389535904, 0.05850229412317276, 0.07877208292484283, -0.06423650681972504, 0.028935791924595833, 0.010972054675221443, -0.07970406115055084, 1.0, 0.15847645699977875, 0.1067996546626091, 0.07582484185695648, 0.2569270133972168, 0.05067452788352966, 0.06922028958797455, 0.20902156829833984, 0.4253180921077728, 0.10083911567926407], [0.07880852371454239, 0.14945626258850098, 0.15510818362236023, 0.3100583553314209, -0.0470135323703289, 0.2621341943740845, 0.23553086817264557, -0.02395731769502163, 0.23503990471363068, 0.04059487208724022, 0.15847645699977875, 1.0, 0.47683221101760864, 0.028211919590830803, 0.071080781519413, 0.3200094401836395, 0.03910315781831741, 0.1689532995223999, 0.16843421757221222, 0.35347774624824524], [0.11574789136648178, 0.32588863372802734, 0.2406441569328308, 0.48562049865722656, -0.005755528341978788, 0.1895318478345871, 0.15114657580852509, 0.08693599700927734, 0.34984999895095825, 0.10636328905820847, 0.1067996546626091, 0.47683221101760864, 1.0, 0.04458974674344063, 0.10653223842382431, 0.20827633142471313, 0.024979861453175545, 0.05335203558206558, 0.24550861120224, 0.21107706427574158], [-0.01926080323755741, 0.14648714661598206, -0.0400121733546257, 0.08922956138849258, 0.045373257249593735, 0.4602852761745453, -0.020324883982539177, 0.0829639658331871, 0.31092414259910583, 0.13034012913703918, 0.07582484185695648, 0.028211919590830803, 0.04458974674344063, 0.9999998807907104, -0.0777539312839508, 0.30548015236854553, 0.3643353283405304, 0.22713181376457214, 0.12467321008443832, 0.07851351052522659], [0.49131277203559875, 0.09236520528793335, 0.30536186695098877, 0.07829152792692184, 0.14338213205337524, 0.03178327530622482, -0.03704838454723358, 0.4442971646785736, -0.08068452030420303, -0.029457321390509605, 0.2569270133972168, 0.071080781519413, 0.10653223842382431, -0.0777539312839508, 1.0, 0.08688117563724518, 0.19986982643604279, 0.03999188542366028, 0.10749247670173645, 0.1251579374074936], [0.07442136853933334, 0.07244975864887238, 0.047379471361637115, 0.16853873431682587, -0.0618944987654686, 0.24043148756027222, 0.03665928915143013, 0.12012363225221634, 0.1356237381696701, 0.01718255877494812, 0.05067452788352966, 0.3200094401836395, 0.20827633142471313, 0.30548015236854553, 0.08688117563724518, 1.0000001192092896, 0.14910505712032318, 0.16653266549110413, 0.006946190260350704, 0.34332895278930664], [0.14739231765270233, 0.21585480868816376, 0.1069684699177742, 0.1594359576702118, 0.14127245545387268, 0.4467904269695282, 0.09690427780151367, 0.28034481406211853, 0.10323372483253479, 0.08687494695186615, 0.06922028958797455, 0.03910315781831741, 0.024979861453175545, 0.3643353283405304, 0.19986982643604279, 0.14910505712032318, 1.0000001192092896, 0.4185836911201477, 0.07035506516695023, 0.15601800382137299], [-0.06276208162307739, 0.07451760768890381, 0.2802633047103882, 0.34866756200790405, 0.08457815647125244, 0.36715441942214966, 0.28528112173080444, -0.07871940732002258, 0.10802997648715973, 0.13509860634803772, 0.20902156829833984, 0.1689532995223999, 0.05335203558206558, 0.22713181376457214, 0.03999188542366028, 0.16653266549110413, 0.4185836911201477, 1.0000001192092896, 0.12458301335573196, 0.40128093957901], [0.038106273859739304, 0.08110693097114563, 0.3240169286727905, 0.05127500370144844, 0.06868202239274979, 0.2329806238412857, 0.13570448756217957, 0.07398198544979095, 0.06812480837106705, 0.03896144777536392, 0.4253180921077728, 0.16843421757221222, 0.24550861120224, 0.12467321008443832, 0.10749247670173645, 0.006946190260350704, 0.07035506516695023, 0.12458301335573196, 1.0, 0.014046182855963707], [0.06973093748092651, 0.13252630829811096, 0.26731035113334656, 0.4242002069950104, 0.22390665113925934, 0.07449465245008469, 0.25427186489105225, 0.10403778403997421, 0.14518693089485168, 0.25236988067626953, 0.10083911567926407, 0.35347774624824524, 0.21107706427574158, 0.07851351052522659, 0.1251579374074936, 0.34332895278930664, 0.15601800382137299, 0.40128093957901, 0.014046182855963707, 1.0]]
